00001
00000
00010
00011
00001
00012
00011
00003
00004
000f0
00001
00000
00010
00011
00001
00012
00011
00003
00004
000f0
00001
00000
00010
00011
00001
00012
00011
00003
00004
000f0
00001
00000
00010
00011
00001
00012
00011
00003
00004
000f0
00001
00000
00010
00011
00001
00012
00011
00003
00004
000f0
00001
00000
00010
00011
00001
00012
00011
00003
00004
000f0
00001
00000
00010
00011
00001
00012
00011
00003
00004
000f0
00001
00000
00010
00011
00001
00012
00011
00003
00004
000f0
00001
00000
00010
00011
00001
00012
00011
00003
00004
000f0
00001
00000
00010
00011
00001
00012
00011
00003
00004
000f0
00001
00000
00010
00011
00001
00012
00011
00003
00004
000f0
00001
00000
00010
00011
00001
00012
00011
00003
00004
000f0
00001
00000
00010
00011
00001
00012
00011
00003
00004
000f0
00001
00000
00010
00011
00001
00012
00011
00003
00004
000f0
00001
00000
00010
00011
00001
00012
00011
00003
00004
000f0
00001
00000
00010
00011
00001
00012
00011
00003
00004
000f0
00001
00000
00010
00011
00001
00012
00011
00003
00004
000f0
00001
00000
00010
00011
00001
00012
00011
00003
00004
000f0
00001
00000
00010
00011
00001
00012
00011
00003
00004
000f0
00001
00000
00010
00011
00001
00012
00011
00003
00004
000f0
00001
00000
00010
00011
00001
00012
00011
00003
00004
000f0
00001
00000
00010
00011
00001
00012
00011
00003
00004
000f0
00001
00000
00010
00011
00001
00012
00011
00003
00004
000f0
00001
00000
00010
00011
00001
00012
00011
00003
00004
000f0
00001
00000
00010
00011
00001
00012
00011
00003
00004
000f0
00001
00000
00010
00011
00001
00012
00011
00003
00004
000f0
00001
00000
00010
00011
00001
00012
00011
00003
00004
000f0
00001
00000
00010
00011
00001
00012
00011
00003
00004
000f0
00001
00000
00010
00011
00001
00012
00011
00003
00004
000f0
00001
00000
00010
00011
00001
00012
00011
00003
00004
000f0
00001
00000
00010
00011
00001
00012
00011
00003
00004
000f0
00001
00000
00010
00011
00001
00012
00011
00003
00004
000f0
00001
00000
00010
00011
00001
00012
00011
00003
00004
000f0
00001
00000
00010
00011
00001
00012
00011
00003
00004
000f0
00001
00000
00010
00011
00001
00012
00011
00003
00004
000f0
00001
00000
00010
00011
00001
00012
00011
00003
00004
000f0
00001
00000
00010
00011
00001
00012
00011
00003
00004
000f0
00001
00000
00010
00011
00001
00012
00011
00003
00004
000f0
00001
00000
00010
00011
00001
00012
00011
00003
00004
000f0
00001
00000
00010
00011
00001
00012
00011
00003
00004
000f0